<?xml version="1.0"?>
<opencv_storage>
<intrinsic_matrix1 type_id="opencv-matrix">
  <rows>3</rows>
  <cols>3</cols>
  <dt>d</dt>
  <data>
    2.5228299306623685e+03 0. 6.3010602870497394e+02 0.
    2.5218714910641474e+03 5.0025175311068062e+02 0. 0. 1.</data></intrinsic_matrix1>
<distortion_coeffs1 type_id="opencv-matrix">
  <rows>1</rows>
  <cols>4</cols>
  <dt>d</dt>
  <data>
    -8.2776622957224447e-02 2.0711958256064739e-01
    2.3637999621204512e-04 1.1752546298466025e-03</data></distortion_coeffs1>
<rotation_vectors1 type_id="opencv-matrix">
  <rows>6</rows>
  <cols>3</cols>
  <dt>d</dt>
  <data>
    -8.8066098306258681e-02 2.9080431161048326e+00
    -1.8841058530579416e-01 -2.1253326396869623e+00
    2.1600954669831101e+00 -3.8108037689201668e-01
    -2.1331576737707927e+00 2.1377613563913602e+00
    -3.9751807215465795e-01 -5.3118801476468296e-02
    2.8891223865397495e+00 -1.8350499391260208e-01
    -5.9325078169863779e-02 2.8410064002525375e+00
    -6.2791680478241241e-01 -2.2006172193917877e+00
    1.8504630128919961e+00 -8.4202185368409648e-04</data></rotation_vectors1>
<translation_vectors1 type_id="opencv-matrix">
  <rows>6</rows>
  <cols>3</cols>
  <dt>d</dt>
  <data>
    -3.2596611351946812e+01 1.8703612663523316e+01
    4.9151454533450192e+02 -1.7974028560510618e+01
    1.9301063896600539e+01 4.1304878474137956e+02
    -4.2728463947239952e+01 2.7910671499524106e+01
    4.8765285697654491e+02 -1.9460864390539395e+01
    1.0214078127008582e+01 4.3159715050404213e+02 3.2737802399138751e+01
    6.8550353340680923e+00 5.0132355190378240e+02 4.6137876003419613e+01
    2.5116845587867154e+01 5.0541671285317841e+02</data></translation_vectors1>
</opencv_storage>
